
5.416666666666667
9.662921348314606
5.111111111111112
0.43478260869565216
38.125
47.706422018348626
21.64835164835165
25.925925925925924
35.172413793103445
37.5
47.14285714285714
11.0
32.35294117647059
62.60869565217392
67.89473684210526
62.727272727272734
38.983050847457626
0.5988023952095809
81.48765843895931
0.4705882352941176
0.0
41.11111111111111
34.64285714285714
27.0
9.345794392523365
5.416666666666667
9.662921348314606
5.111111111111112
0.43478260869565216
38.125
47.706422018348626
21.64835164835165
25.925925925925924
35.172413793103445
37.5
47.14285714285714
11.0
32.35294117647059
62.60869565217392
67.89473684210526
62.727272727272734
38.983050847457626
0.5988023952095809
81.48765843895931
0.4705882352941176
0.0
41.11111111111111
34.64285714285714
27.0
9.345794392523365
28.888888888888886
23.125
41.422413793103445
49.755859375
48.27906976744186
0.0
37.5609756097561
4.0
60.0
45.625
31.818181818181817
23.333333333333332
30.0
57.72727272727273
32.87234042553192
27.368421052631582
31.333333333333336
28.888888888888886
49.137931034482754
36.607142857142854
8.0
24.166666666666668
29.059829059829063
54.43037974683544
9.791666666666666
36.94117647058823
18.4
23.513513513513516
37.5
0.0
25.842696629213485
24.719101123595504
0.0
29.062500000000004
0.0
41.66666666666667
68.94736842105263
40.0
0.0
33.939393939393945
0.0
38.11594202898551
30.083333333333336
23.895899053627762
55.632183908045974
54.1813898704358
26.413043478260867
46.904761904761905
76.66666666666667
48.05429864253394
46.83257918552036
46.875
25.204081632653065
30.76923076923077
26.689655172413794
24.444444444444443
13.333333333333334
21.0
18.823529411764707
48.28947368421053
50.476190476190474
37.142857142857146
30.0
23.646209386281587
11.012956419316843
25.384615384615383
40.30769230769231
38.125
14.285714285714285
42.42424242424242
36.199999999999996
50.0
40.0
67.61194029850746
70.47058823529412
59.53488372093023
35.92592592592593
60.0
0.0
85.54621848739495
84.0909090909091
0.0
0.0
0.0
32.89473684210527
0.0
16.46706586826347
19.090909090909093
0.8005336891260841
0.733822548365577
0.6337558372248165
43.83720930232558
65.18105849582173
63.07692307692307
8.5
0.0
53.333333333333336
24.545454545454547
62.0
59.189189189189186
46.25
68.64864864864865
90.58823529411765
81.65467625899281
42.35294117647059
73.46153846153847
34.66666666666667
67.27272727272727
61.96078431372549
64.54545454545455
46.666666666666664
36.11111111111111
22.5
25.384615384615383
20.909090909090907
6.25
28.019323671497588
8.4375
31.428571428571427
27.21153846153846
0.0
29.03225806451613
43.333333333333336
20.754716981132077
16.0
1.411764705882353
55.714285714285715
10.833333333333334
5.454545454545454
7.631578947368421
48.75
35.97014925373134
23.118279569892472
30.270270270270274
3.569046030687125
2.0346897931954637
1.3008672448298866
23.311258278145697
22.016129032258064
30.73170731707317
10.240160106737825
7.471647765176785
12.17478318879253
37.08029197080292
78.83495145631068
59.793103448275865
14.022988505747128
14.365079365079364
5.714285714285714
72.05128205128204
35.84905660377358
37.79661016949152
55.23809523809524
13.706563706563706
62.972972972972975
30.78125
15.268065268065268
28.03149606299213
56.835205992509366
51.056338028169016
41.16094986807388
64.82758620689654
7.395498392282958
37.178265014299335
10.743464052287582
56.76470588235294
79.70588235294119
62.5
34.93975903614458
30.0
13.196814562002276
30.789473684210527
33.33333333333333
32.5
42.22222222222222
56.705882352941174
48.56321839080459
40.131578947368425
20.714285714285715
26.30952380952381
29.912663755458514
25.384615384615383
10.497237569060774
10.796139927623644
1.4200298953662183
0.7291666666666666
0.6611570247933884
54.35897435897436
7.286821705426356
59.83112183353438
14.000000000000002
9.090909090909092
9.230769230769232
54.35483870967742
54.723502304147466
43.75
61.6871704745167
48.8
0.8338892595063376
0.733822548365577
0.66711140760507
2.903225806451613
36.52173913043478
2.727272727272727
4.916067146282973
0.5263157894736842
4.354838709677419
0.10006671114076052
0.7671781187458305
43.15068493150685
53.191489361702125
43.86666666666667
34.85401459854015
24.0
20.0
21.071428571428573
47.14285714285714
45.0
45.357142857142854
28.125
22.608695652173914
71.51515151515152
35.476190476190474
24.285714285714285
4.042553191489362
10.74468085106383
19.444444444444446
59.77777777777777
40.27027027027027
60.0
58.333333333333336
72.22222222222221
76.22641509433963
51.445783132530124
64.75644699140402
54.6242774566474
50.679611650485434
19.339622641509436
0.0
33.46666666666667
6.666666666666667
39.523809523809526
62.241379310344826
39.76190476190476
39.827586206896555
59.87841945288754
60.22346368715083
32.29665071770335
28.18181818181818
20.0
48.57142857142857
8.88888888888889
48.38709677419355
0.0
47.368421052631575
0.0
44.146341463414636
58.75
68.88888888888889
36.333333333333336
22.285714285714285
3.1578947368421053
14.666666666666666
33.69565217391305
51.66666666666667
25.595238095238095
48.163841807909606
52.94117647058824
59.57142857142858
6.785714285714286
4.794520547945205
0.0
23.484848484848484
3.5999999999999996
4.285714285714286
8.75
0.0
33.6
23.0
47.14285714285714
7.204803202134756
1.3008672448298866
20.213475650433622
21.417565485362093
10.217391304347826
29.583333333333332
81.81818181818183
7.297297297297297
66.36363636363637
38.5
21.73913043478261
47.0
50.0
38.0
20.0
63.74999999999999
36.53846153846153
5.0
32.82051282051282
28.18181818181818
63.42465753424658
53.97877984084881
39.35018050541516
52.22222222222223
84.16666666666667
62.857142857142854
84.28571428571429
39.11764705882353
79.16666666666666
49.76744186046512
34.63035019455253
47.333333333333336
48.5
0.0
58.372093023255815
24.050632911392405
24.228395061728396
9.183673469387756
46.92307692307692
28.999999999999996
81.6923076923077
81.93236714975846
83.63821138211382
40.64625850340136
52.21445221445221
56.25
58.51562500000001
57.056451612903224
48.13559322033898
23.297491039426525
43.38461538461538
25.245901639344265
5.276073619631902
65.26315789473685
4.0234375
13.025830258302584
12.834645669291339
30.0
37.254901960784316
58.57142857142858
60.0
23.883928571428573
41.01449275362319
12.058823529411764
36.611111111111114
40.94279661016949
53.004926108374384
0.0
23.19148936170213
58.75
72.80701754385966
62.727272727272734
66.92307692307692
89.77011494252874
85.46218487394958
37.54355400696864
15.615141955835963
0.23348899266177453
0.26684456304202797
13.139204545454545
35.72463768115942
15.277777777777779
22.56756756756757
15.0
82.17391304347827
26.50793650793651
30.0
37.537993920972646
25.0
5.454545454545454
0.0
52.72727272727272
13.0
78.22695035460993
60.96385542168675
11.041666666666666
47.0
67.56756756756756
35.0
47.08571428571429
39.15343915343915
45.36312849162012
14.444444444444443
60.0
43.63636363636363
14.893617021276595
38.57142857142858
49.375
74.54545454545455
29.230769230769234
24.142857142857142
24.693877551020407
22.1875
23.75
16.0
16.160849772382395
8.094098883572567
5.643564356435644
28.14814814814815
22.321428571428573
10.0
19.397590361445783
0.0
0.0
48.5645933014354
71.33333333333334
65.0
45.26315789473684
62.0
18.0
39.682539682539684
44.94949494949495
37.5
45.588235294117645
35.0
76.0
51.578947368421055
15.769230769230768
0.5882352941176471
0.0
13.478260869565217
10.0
36.54545454545455
31.01851851851852
36.98795180722891
53.1578947368421
48.18181818181818
27.647058823529413
10.714285714285714
36.666666666666664
9.045584045584047
9.366096866096866
8.44017094017094
48.68421052631579
0.0
22.0
0.5791505791505791
4.538341158059469
18.923076923076923
40.0
15.0
30.76923076923077
28.52941176470588
0.1667778519012675
0.5336891260840559
0.1667778519012675
0.13342228152101399
0.0
30.672268907563026
23.47222222222222
34.8780487804878
42.89473684210526
27.0
24.285714285714285
22.22222222222222
34.83870967741935
34.883720930232556
9.268292682926829
18.4375
35.64102564102564
52.72727272727272
25.675675675675674
67.66355140186916
0.0
31.25
0.0
46.61144578313253
54.7244094488189
46.34703196347032
69.17197452229298
10.142180094786731
14.04833836858006
24.53498671390611
6.800000000000001
56.37931034482758
30.777777777777775
20.0
0.0
5.060728744939271
11.481481481481481
0.0
36.774193548387096
65.2542372881356
73.39285714285714
59.59595959595959
50.59701492537313
65.35087719298247
6.004002668445631
2.519083969465649
76.65110073382255
16.0
59.40298507462687
20.625
37.27272727272727
34.8
28.57142857142857
52.666666666666664
5.0
7.6923076923076925
34.87394957983193
51.31445904954499
40.75
26.666666666666668
35.51724137931034
37.5
46.42857142857143
9.090909090909092
6.628621597892889
11.267605633802818
0.0
53.888888888888886
67.03703703703704
40.666666666666664
25.71428571428571
44.333333333333336
27.56756756756757
74.6938775510204
35.32608695652174
22.727272727272727
35.44776119402985
61.0
71.72413793103448
50.0
65.0
8.255813953488373
9.47176684881603
18.441558441558442
52.532751091703055
45.4337899543379
33.970856102003644
23.333333333333332
0.0
